"TOA5","GCREW_MET","CR1000","85321","CR1000.Std.31.03","CPU:GCREW_METv4.CR1","25603","GCREW_MET_15min"
"TIMESTAMP","RECORD","Statname","Rain_in_Tot","Rain_cm_Tot","AirTC_Avg","RH","CleanRH","VP","VPD","SVP","Barometric_Pressure_PB110B","Barometric_Pressure_PB110B_Avg","SlrW_Avg","SlrMJ_Tot","PAR_Den_C_Avg","PAR_Tot_C_Tot","Temp10cm_Avg","Temp25cm_Avg","Temp90cm_Avg","Above75cm_plate_Avg","Aquatroll_ID(2)","Depth","Temperature","Actual_Conductivity","Specific_Conductivity","Salinity","TDS","Water_Density","Pressure","Resistivity","WindDir_RM_Avg","WindDir_RM","WS_ms_RM_Max","WS_ms_RM_Min","WS_ms_RM_Avg","WS_ms_RM","WindDir_WS_Avg","WindDir_WS","WS_ms_WS_Max","WS_ms_WS_Min","WS_ms_WS_Avg","WS_ms_WS"
"TS","RN","","inch","cm","°C","%","%","kPa","Pa","Pa","mbar","mbar","W/m²","MJ/m²","micromols/s/m^2","mmol/m^2second","C","C","C","C","","cm","C","uS/cm","uS/cm","PSU","ppt","g/cm3","PSI","ohm-cm","degrees","degrees","m/s","m/s","m/s","m/s","degrees","degrees","m/s","m/s","m/s","m/s"
"","","Smp","Tot","Tot","Avg","Smp","Smp","Smp","Smp","Smp","Smp","Avg","Avg","Tot","Avg","Tot","Avg","Avg","Avg","Avg","Smp","Smp","Smp","Smp","Smp","Smp","Smp","Smp","Smp","Smp","Avg","Smp","Max","Min","Avg","Smp","Avg","Smp","Max","Min","Avg","Smp"
"2023-12-11 13:15:00",85737,"NAN",0,0,7.641,54.48,0,0,2.071095,2.071095,1015.587,1015.154,417.7,2.256,683,0,6.5,7.053,11.48,"NAN","213IN-SITU AT200 201000",56.6982,8.271447,13597.74,19982.43,11.74832,12.98858,1.009046,0.816311,73.53239,260.7103,310.4555,7.0756,0.5292,3.61816,3.7828,290.2778,330,8.5,0.82,3.716778,3.65
"2023-12-11 13:30:00",85738,"NAN",0,0,7.284,53.18,0,0,1.910602,1.910602,1015.963,1015.477,211.1,1.14,369.5,0,6.485,7.032,11.45,"NAN","213IN-SITU AT200 201000",56.56585,8.271721,13598.46,19983.33,11.74891,12.98917,1.009046,0.815763,73.53147,296.4692,325.0599,9.113999,1.5288,3.950489,4.6256,305.1611,315,8.27,0.78,4.114388,4.16
"2023-12-11 13:45:00",85739,"NAN",0,0,6.965,54.14,0,0,1.840341,1.840341,1016.331,1015.81,166,0.896,299.6,0,6.503,7.034,11.44,"NAN","213IN-SITU AT200 201000",56.48285,8.272576,13594.01,19976.33,11.74449,12.98461,1.009044,0.81446,73.54653,288.4261,331.2603,6.0956,1.0192,3.247393,2.6656,310.0722,320,6.7,0.79,3.357666,1.06
"2023-12-11 14:00:00",85740,"NAN",0,0,6.886,54.59,0,0,1.867333,1.867333,1016.669,1016.22,128.3,0.693,240.8,0,6.511,7.04,11.44,"NAN","213IN-SITU AT200 201000",56.4962,8.273705,13599.38,19983.58,11.74915,12.98933,1.009044,0.813207,73.54607,295.6945,317.6583,7.742,1.0976,3.362053,2.2148,313.5555,328,8.8,1.26,3.526833,2.87
"2023-12-11 14:15:00",85741,"NAN",0,0,7.112,54.08,0,0,1.965198,1.965198,1016.917,1016.672,221.2,1.195,372.1,0,6.505,7.049,11.44,"NAN","213IN-SITU AT200 201000",56.50421,8.274369,13598.3,19981.62,11.74794,12.98805,1.009041,0.81206,73.56307,272.1371,343.3036,6.664,0.6468,3.145364,4.214,299.0111,336,6.63,0.9,3.282833,4.32
"2023-12-11 14:30:00",85742,"NAN",0,0,7.194,55.58,0,0,1.929665,1.929665,1017.244,1016.891,107,0.578,197.7,0,6.49,7.054,11.45,"NAN","213IN-SITU AT200 201000",56.37261,8.274186,13591.58,19971.84,11.7417,12.9817,1.009044,0.812263,73.53891,236.614,309.3778,5.3704,0.9604,2.933357,2.9008,287.0611,298,5.56,0.81,3.046333,2.01
"2023-12-11 14:45:00",85743,"NAN",0,0,7.199,55.17,0,0,1.947438,1.947438,1017.49,1017.156,111.9,0.604,202.8,0,6.483,7.05,11.44,"NAN","213IN-SITU AT200 201000",56.3325,8.275689,13602.43,19986.95,11.75139,12.99152,1.009041,0.811466,73.55958,259.0528,316.4972,6.174,1.0976,2.669847,2.6068,291.6278,320,6.74,1,2.818889,4.16
"2023-12-11 15:00:00",85744,"NAN",0,0,7.428,53.46,0,0,2.018718,2.018718,1017.829,1017.338,86.3,0.466,160.9,0,6.475,7.049,11.43,"NAN","213IN-SITU AT200 201000",56.40059,8.275773,13595.66,19976.96,11.74503,12.98502,1.009043,0.810223,73.54576,282.1495,341.3744,8.1732,0.392,2.858333,2.352,303.1611,326,8.59,0.55,2.977444,3.37
"2023-12-11 15:15:00",85745,"NAN",0,0,7.547,53.67,0,0,2.000918,2.000918,1017.99,1017.593,67.02,0.362,130.6,0,6.475,7.06,11.43,"NAN","213IN-SITU AT200 201000",56.22527,8.276726,13596.13,19977.12,11.74517,12.98512,1.009039,0.810223,73.57035,285.2832,351.4707,6.8012,0.784,3.296502,1.7248,305.9389,356,7.42,0.6,3.398333,1.9
"2023-12-11 15:30:00",85746,"NAN",0,0,7.401,55.65,0,0,1.9478,1.9478,1018.487,1017.921,46.77,0.253,99.4,0,6.475,7.059,11.43,"NAN","213IN-SITU AT200 201000",56.16284,8.277863,13599.19,19980.97,11.74768,12.98763,1.009041,0.809166,73.55896,286.4668,317.1119,5.8408,0.4312,2.64894,2.1364,294.7833,319,6.85,0.08,2.771222,2.03
"2023-12-11 15:45:00",85747,"NAN",0,0,7.055,56.3,0,0,1.841692,1.841692,1018.925,1018.408,23.72,0.128,64.13,0,6.48,7.058,11.43,"NAN","213IN-SITU AT200 201000",56.16516,8.278801,13592.29,19970.31,11.74093,12.9807,1.009039,0.807846,73.56789,281.1004,323.3051,6.0368,0.2352,2.595693,2.2932,302.1833,308,6.9,0.11,2.799333,2.22
"2023-12-11 16:00:00",85748,"NAN",0,0,6.695,56.95,0,0,1.789031,1.789031,1019.208,1018.706,17.07,0.092,50.3,0,6.484,7.069,11.44,"NAN","213IN-SITU AT200 201000",56.08115,8.279465,13598.73,19979.39,11.74674,12.9866,1.009041,0.807827,73.55252,289.0645,304.8488,5.8408,0.098,2.265106,1.47,303.0667,300,5.9,0.27,2.443166,1.04
"2023-12-11 16:15:00",85749,"NAN",0,0,6.545,54.84,0,0,1.753438,1.753438,1019.378,1019.093,13.16,0.071,38.28,0,6.467,7.052,11.43,"NAN","213IN-SITU AT200 201000",56.24963,8.280129,13599.5,19980.16,11.74726,12.9871,1.009039,0.808709,73.56976,283.3692,0.2179767,7.8792,0.1568,3.174873,5.3312,302.3833,340,7.72,0.34,3.370055,4.66
"2023-12-11 16:30:00",85750,"NAN",0,0,6.358,53.2,0,0,1.708731,1.708731,1019.788,1019.405,9.33,0.05,24.32,0,6.458,7.057,11.43,"NAN","213IN-SITU AT200 201000",56.12373,8.280793,13593.52,19970.99,11.74145,12.98114,1.009042,0.807618,73.54235,269.566,303.1819,6.0956,0.49,2.775795,4.2728,303.8222,302,6.27,0.87,2.936111,3.63
"2023-12-11 16:45:00",85751,"NAN",0,0,6.263,53.4,0,0,1.66394,1.66394,1020.034,1019.755,4.995,0.027,10.51,0,6.447,7.062,11.44,"NAN","213IN-SITU AT200 201000",56.00207,8.281815,13595.78,19973.74,11.74325,12.98293,1.00904,0.806838,73.55591,288.7954,321.2498,4.9588,0,2.2148,2.4892,297.8389,314,5.81,0.11,2.417889,2.8
"2023-12-11 17:00:00",85752,"NAN",0,0,6.068,56.1,0,0,1.610105,1.610105,1020.443,1020.102,1.425,0.008,2.138,0,6.427,7.052,11.43,"NAN","213IN-SITU AT200 201000",56.03787,8.282197,13591.62,19967.42,11.73924,12.97882,1.009041,0.805103,73.54405,295.7151,290.5877,5.6644,0.9015999,2.676162,4.3316,312.05,295,7.12,0.97,2.858333,3.4
"2023-12-11 17:15:00",85753,"NAN",0,0,5.803,57.36,0,0,1.502162,1.502162,1020.607,1020.45,0.192,0.001,0.381,0,6.424,7.06,11.43,"NAN","213IN-SITU AT200 201000",55.91362,8.283051,13596,19973.37,11.74307,12.98269,1.009042,0.80466,73.53411,270.8025,341.2068,4.5276,0,1.758773,1.7836,292.0611,342,5.17,0.12,1.926389,2.43
"2023-12-11 17:30:00",85754,"NAN",0,0,5.551,57.73,0,0,1.466101,1.466101,1021.098,1020.75,0.099,0.001,0,0,6.423,7.068,11.44,"NAN","213IN-SITU AT200 201000",55.85882,8.283905,13590.05,19964.16,11.73724,12.9767,1.009038,0.803883,73.55999,283.1454,339.2935,4.8608,0.49,2.250407,2.6264,303.4055,329,5.14,0.51,2.510611,2.77
"2023-12-11 17:45:00",85755,"NAN",0,0,5.272,58.08,0,0,1.448054,1.448054,1021.426,1021.127,0.116,0.001,0.009,0,6.4,7.057,11.43,"NAN","213IN-SITU AT200 201000",55.77789,8.285027,13598.64,19976.14,11.74492,12.98449,1.009039,0.803458,73.55506,286.5627,303.4726,4.4688,0.8036,2.188993,1.764,304.4278,291,5.29,0.74,2.418778,1.97
"2023-12-11 18:00:00",85756,"NAN",0,0,5.005,60.84,0,0,1.303319,1.303319,1021.753,1021.503,0.104,0.001,0,0,6.393,7.062,11.43,"NAN","213IN-SITU AT200 201000",55.77229,8.285882,13596.9,19973.11,11.74303,12.98252,1.009036,0.802179,73.57007,289.4661,320.9592,3.3124,0.0392,1.34652,0.6468,293.9445,295,3.6,0.38,1.561833,0.68
"2023-12-11 18:15:00",85757,"NAN",0,0,4.595,60.7,0,0,1.212528,1.212528,1022.163,1021.851,0.123,0.001,0,0,6.385,7.062,11.43,"NAN","213IN-SITU AT200 201000",55.74905,8.286637,13590.76,19963.67,11.73705,12.97639,1.009038,0.802497,73.55408,284.9188,32.67235,3.136,0,1.289571,1.3132,282.5667,355,3.62,0.26,1.557,1.78
"2023-12-11 18:30:00",85758,"NAN",0,0,4.495,63.16,0,0,1.12148,1.12148,1022.572,1022.351,0.138,0.001,0,0,6.366,7.06,11.43,"NAN","213IN-SITU AT200 201000",55.6329,8.287674,13596.05,19970.85,11.74167,12.98106,1.009038,0.801244,73.55034,298.5472,325.4641,2.254,0,0.9081333,0.7056,289.5056,322,2.68,0.11,1.161944,1.29
"2023-12-11 18:45:00",85759,"NAN",0,0,3.84,71.18,0,0,0.8377572,0.8377572,1022.743,1022.65,0.134,0.001,0,0,6.362,7.063,11.43,"NAN","213IN-SITU AT200 201000",55.65462,8.28785,13594.91,19969.08,11.74055,12.9799,1.009037,0.800989,73.55867,236.3936,259.0574,1.0192,0,0.2818044,0,235.3556,241,1.17,0.01,0.5651667,0.64
"2023-12-11 19:00:00",85760,"NAN",0,0,2.738,74.82,0,0,0.6681108,0.6681108,1022.951,1022.841,0.15,0.001,0,0,6.354,7.063,11.43,"NAN","213IN-SITU AT200 201000",55.58175,8.289475,13594.91,19968.17,11.74004,12.97931,1.009033,0.800357,73.59035,258.4001,328.7661,0.9995999,0,0.2314978,0,245.3,317,1.24,0.02,0.4912778,0.56
"2023-12-11 19:15:00",85761,"NAN",0,0,2.606,77.51,0,0,0.5916301,0.5916301,1023.38,1023.272,0.123,0.001,0,0,6.335,7.062,11.43,"NAN","213IN-SITU AT200 201000",55.58175,8.28994,13598.47,19973.14,11.74322,12.98254,1.009035,0.799893,73.57192,273.5737,313.058,1.6268,0,0.4108378,0.686,262.6167,311,1.97,0.01,0.6580555,1.19
"2023-12-11 19:30:00",85762,"NAN",0,0,2.197,69.85,0,0,0.753939,0.753939,1023.647,1023.659,0.13,0.001,0,0,6.322,7.068,11.43,"NAN","213IN-SITU AT200 201000",55.55342,8.29078,13594.1,19966.26,11.73888,12.97807,1.009038,0.79947,73.54717,293.1365,279.249,3.3124,0.1764,1.072773,2.7048,295.3445,310,3.84,0.2,1.328667,2.3
"2023-12-11 19:45:00",85763,"NAN",0,0,3.305,58.8,0,0,0.9929839,0.9929839,1024.142,1024.018,0.069,0,0,0,6.298,7.075,11.44,"NAN","213IN-SITU AT200 201000",55.5888,8.291161,13591.53,19962.26,11.73635,12.97547,1.009038,0.798509,73.54604,267.4145,305.3202,4.8804,0.1568,1.64836,3.2144,290.05,298,5.66,0.3,1.909,5.66
"2023-12-11 20:00:00",85764,"NAN",0,0,3.585,58.32,0,0,0.938008,0.938008,1024.388,1024.252,0.019,0,0,0,6.27,7.077,11.45,"NAN","213IN-SITU AT200 201000",55.50539,8.291825,13592.92,19963.93,11.73745,12.97655,1.009033,0.798452,73.57661,295.7975,302.1951,4.8412,0.3528,1.910238,3.5672,302.85,307,4.7,0.43,2.188833,3.75
"2023-12-11 20:15:00",85765,"NAN",0,0,3.438,57.77,0,0,0.9012969,0.9012969,1024.716,1024.523,0.052,0,0,0,6.245,7.066,11.43,"NAN","213IN-SITU AT200 201000",55.46655,8.293419,13588.45,19956.48,11.73277,12.97171,1.009035,0.797542,73.56287,282.5679,308.3733,3.3124,0,1.33378,1.176,297.6889,315,3.73,0.25,1.6315,2.39
"2023-12-11 20:30:00",85766,"NAN",0,0,2.813,61.46,0,0,0.7540329,0.7540329,1024.88,1024.898,0.104,0.001,0,0,6.235,7.071,11.43,"NAN","213IN-SITU AT200 201000",55.36095,8.29419,13592.6,19962.14,11.73641,12.97539,1.009033,0.797264,73.57624,248.0923,323.2492,3.5868,0,0.6573622,0.5292,254.8111,336,4.47,0.04,0.9435555,1.21
"2023-12-11 20:45:00",85767,"NAN",0,0,2.655,67.46,0,0,0.6246265,0.6246265,1025.289,1025.199,0.068,0,0,0,6.212,7.061,11.42,"NAN","213IN-SITU AT200 201000",55.3292,8.294373,13593.05,19962.69,11.73677,12.97575,1.009035,0.796619,73.55826,271.0177,207.5608,2.7636,0,0.674131,0,263.3944,204,3.32,0.08,0.9482777,0.25
"2023-12-11 21:00:00",85768,"NAN",0,0,2.262,67.82,0,0,0.5921939,0.5921939,1025.535,1025.455,0.057,0,0,0,6.201,7.067,11.43,"NAN","213IN-SITU AT200 201000",55.26385,8.295403,13590.98,19959.08,11.73452,12.9734,1.009033,0.795469,73.57037,249.3361,275.7625,2.254,0,0.7931466,0.686,247.7944,273,2.44,0.03,0.9740555,0.46
"2023-12-11 21:15:00",85769,"NAN",0,0,1.428,74.22,0,0,0.2894851,0.2894851,1025.781,1025.681,0.094,0.001,0,0,6.18,7.067,11.43,"NAN","213IN-SITU AT200 201000",55.25825,8.296814,13592.31,19960.25,11.73532,12.97416,1.009032,0.795469,73.57411,256.9023,321.2383,1.862,0,0.4094222,0.8624,253.25,321,2.21,0.05,0.5733333,1
"2023-12-11 21:30:00",85770,"NAN",0,0,1.504,67.46,0,0,0.4760998,0.4760998,1025.781,1025.808,0.097,0.001,0,0,6.161,7.065,11.42,"NAN","213IN-SITU AT200 201000",55.15381,8.297486,13589.9,19956.33,11.73286,12.97161,1.009035,0.794677,73.5495,289.4335,320.8506,2.156,0.0196,0.8239622,1.2152,295.2111,313,2.64,0.23,1.010833,1.96
"2023-12-11 21:45:00",85771,"NAN",0,0,2.143,69.24,0,0,0.4760998,0.4760998,1025.862,1025.962,0.069,0,0,0,6.142,7.078,11.44,"NAN","213IN-SITU AT200 201000",55.18542,8.29805,13593.99,19962.02,11.73651,12.97531,1.009034,0.793819,73.55501,280.9293,354.0672,3.43,0,0.8156866,0,276.8889,253,3.94,0.04,1.0195,0.24
"2023-12-11 22:00:00",85772,"NAN",0,0,1.928,61.13,0,0,0.6385161,0.6385161,1026.108,1026.179,0.083,0,0,0,6.107,7.071,11.43,"NAN","213IN-SITU AT200 201000",55.1111,8.299187,13589.57,19954.89,11.73202,12.97068,1.009029,0.79333,73.59345,283.8711,277.943,2.3324,0,1.011251,1.5288,283.5389,275,2.95,0.09,1.236722,1.6
"2023-12-11 22:15:00",85773,"NAN",0,0,2.29,62.55,0,0,0.5504479,0.5504479,1026.026,1026.313,0.096,0.001,0,0,6.079,7.072,11.43,"NAN","213IN-SITU AT200 201000",55.0587,8.300408,13598.9,19967.91,11.74036,12.97914,1.009029,0.792925,73.58525,299.0487,289.96,3.0576,0,1.241333,0.6272,301.9611,299,3.56,0.27,1.450833,1.42
"2023-12-11 22:30:00",85774,"NAN",0,0,2.027,64.43,0,0,0.5132945,0.5132945,1026.599,1026.477,0.116,0.001,0,0,6.051,7.067,11.43,"NAN","213IN-SITU AT200 201000",55.04967,8.301072,13593.62,19959.78,11.73521,12.97386,1.009028,0.791927,73.59532,240.8906,226.3374,2.058,0,0.6971067,0.6664,233.4667,222,2.49,0.01,0.9056666,0.43
"2023-12-11 22:45:00",85775,"NAN",0,0,1.321,75.67,0,0,0.1816965,0.1816965,1026.681,1026.802,0.112,0.001,0,0,6.029,7.065,11.42,"NAN","213IN-SITU AT200 201000",54.98744,8.301636,13590.75,19955.25,11.73235,12.97091,1.009034,0.791927,73.54577,266.3577,257.7126,2.3128,0,0.5237555,0,255.6111,231,3.08,0.05,0.6576666,0.26
"2023-12-11 23:00:00",85776,"NAN",0,0,0.47,71.08,0,0,0.195776,0.195776,1026.681,1026.933,0.111,0.001,0,0,6.005,7.057,11.41,"NAN","213IN-SITU AT200 201000",54.98744,8.302857,13593,19957.87,11.73408,12.97262,1.009028,0.790724,73.59004,224.1801,302.7281,0.8428,0,0.2617689,0.2548,225.3556,314,0.95,0.06,0.4404444,0.35
"2023-12-11 23:15:00",85777,"NAN",0,0,0.105,82.3,0,0,-0.1295923,-0.1295923,1026.763,1026.934,0.114,0.001,0,0,5.988,7.063,11.41,"NAN","213IN-SITU AT200 201000",54.92084,8.303338,13592.97,19957.56,11.7339,12.97241,1.009032,0.789774,73.55501,285.3913,245.6956,0.9604,0,0.2764689,0,280.3722,305,1.14,0.04,0.4831666,0.25
"2023-12-11 23:30:00",85778,"NAN",0,0,-0.233,80.1,0,0,-0.08621318,-0.08621318,1027.045,1027.125,0.068,0,0,0,5.951,7.05,11.4,"NAN","213IN-SITU AT200 201000",54.84032,8.304192,13591.15,19954.41,11.73193,12.97037,1.00903,0.789845,73.57094,193.3519,171.1095,0.784,0,0.2578489,0,169.85,12,0.84,0.03,0.4125555,0.16
"2023-12-11 23:45:00",85779,"NAN",0,0,-0.72,86.4,0,0,-0.256954,-0.256954,1026.968,1027.283,0.053,0,0,0,5.927,7.054,11.41,"NAN","213IN-SITU AT200 201000",54.79855,8.305405,13591.49,19954.23,11.73187,12.97025,1.009032,0.789222,73.55471,171.1704,171.329,0,0,0,0,183.3167,288,0.45,0.03,0.2038333,0.24
"2023-12-12 00:00:00",85780,"NAN",0,0,-1.096,86.2,0,0,-0.2754504,-0.2754504,1027.076,1027.232,0.037,0,0,0,5.888,7.042,11.4,"NAN","213IN-SITU AT200 201000",54.81004,8.30616,13594.45,19958.15,11.7344,12.9728,1.009028,0.788701,73.57971,268.0092,266.7834,1.0192,0,0.4328333,0.7448,272.7,269,1.03,0.14,0.6355555,0.92
"2023-12-12 00:15:00",85781,"NAN",0,0,-0.946,86.5,0,0,-0.3506772,-0.3506772,1026.962,1027.32,0.016,0,0,0,5.853,7.047,11.41,"NAN","213IN-SITU AT200 201000",54.70536,8.306824,13588.91,19949.65,11.72902,12.96727,1.009033,0.788213,73.53972,266.9067,267.1723,1.0976,0,0.65464,0,240.1778,65,1.19,0.12,0.8031666,0.14
"2023-12-12 00:30:00",85782,"NAN",0,0,-1.814,93.1,0,0,-0.5801482,-0.5801482,1027.226,1027.357,0.011,0,0,0,5.819,7.041,11.41,"NAN","213IN-SITU AT200 201000",54.66788,8.307763,13593.99,19956.58,11.73347,12.97178,1.009029,0.78726,73.56557,231.0372,156.6254,0.588,0,0.14406,0.196,161.6833,152,0.95,0.02,0.3582222,0.4
"2023-12-12 00:45:00",85783,"NAN",0,0,-2.018,95,0,0,-0.5649832,-0.5649832,1027.345,1027.519,0.019,0,0,0,5.797,7.046,11.41,"NAN","213IN-SITU AT200 201000",54.66788,8.308327,13588.41,19948.07,11.72808,12.96625,1.009027,0.786805,73.58283,265.4617,296.7198,1.2544,0,0.5346444,0.588,278.8278,285,1.38,0.08,0.7549444,0.73
"2023-12-12 01:00:00",85784,"NAN",0,0,-2.27,95.9,0,0,-0.6803413,-0.6803413,1027.434,1027.728,0.035,0,0,0,5.764,7.049,11.41,"NAN","213IN-SITU AT200 201000",54.59741,8.309281,13594.71,19956.78,11.73367,12.97191,1.009023,0.786199,73.61006,194.6018,132.1356,1.078,0,0.3262311,0,179.4611,345,1.3,0.04,0.5656111,0.47
"2023-12-12 01:15:00",85785,"NAN",0,0,-2.409,96.1,0,0,-0.6610442,-0.6610442,1027.598,1027.863,0.028,0,0,0,5.726,7.041,11.41,"NAN","213IN-SITU AT200 201000",54.58728,8.310509,13591.46,19951.34,11.73026,12.96837,1.009026,0.78573,73.58467,254.4458,292.0464,0.6664,0,0.1242422,0,254.9167,277,0.94,0.03,0.3753333,0.15
"2023-12-12 01:30:00",85786,"NAN",0,0,-2.284,96.6,0,0,-0.6177143,-0.6177143,1027.762,1028.009,0.005,0,0,0,5.678,7.031,11.4,"NAN","213IN-SITU AT200 201000",54.54889,8.311348,13595.41,19956.67,11.73369,12.97183,1.009029,0.785129,73.56031,300.3123,262.454,0.6468,0,0.26362,0.1764,300.8722,242,0.85,0.12,0.5667222,0.36
"2023-12-12 01:45:00",85787,"NAN",0,0,-2.24,96.8,0,0,-0.6417787,-0.6417787,1027.844,1028.062,0,0,0,0,5.638,7.03,11.4,"NAN","213IN-SITU AT200 201000",54.47973,8.311722,13595.58,19956.7,11.73372,12.97185,1.009026,0.784399,73.57716,264.5981,239.066,0.7252,0,0.3236178,0.392,257.8722,230,0.89,0.23,0.5358333,0.48
"2023-12-12 02:00:00",85788,"NAN",0,0,-2.459,96.9,0,0,-0.7140771,-0.7140771,1028.008,1028.259,0.008,0,0,0,5.603,7.032,11.41,"NAN","213IN-SITU AT200 201000",54.42582,8.313248,13592.77,19951.72,11.73062,12.96862,1.009024,0.783696,73.59528,133.2727,269.0705,0.4704,0,0.1062756,0.4508,226.3722,270,0.83,0.02,0.3768889,0.83
"2023-12-12 02:15:00",85789,"NAN",0,0,-2.404,96.3,0,0,-0.7189023,-0.7189023,1028.418,1028.465,0.003,0,0,0,5.562,7.026,11.4,"NAN","213IN-SITU AT200 201000",54.37162,8.31408,13587.03,19942.83,11.725,12.96284,1.009026,0.782993,73.57638,237.5195,175.9792,0.9408,0,0.5779822,0,231.9222,318,1.12,0.07,0.7482777,0.22
"2023-12-12 02:30:00",85790,"NAN",0,0,-2.758,96.4,0,0,-0.8155611,-0.8155611,1028.172,1028.559,0,0,0,0,5.523,7.024,11.4,"NAN","213IN-SITU AT200 201000",54.37824,8.314934,13591.42,19948.8,11.72883,12.96672,1.009024,0.783079,73.58967,235.4418,165.4364,0.98,0,0.3110955,0.294,239.0556,334,1.16,0.08,0.5743889,0.68
"2023-12-12 02:45:00",85791,"NAN",0,0,-2.829,97,0,0,-0.7962068,-0.7962068,1028.172,1028.583,0,0,0,0,5.484,7.02,11.4,"NAN","213IN-SITU AT200 201000",54.31064,8.315789,13590.51,19946.98,11.72771,12.96554,1.009026,0.782129,73.57562,269.1204,260.9271,0.8231999,0,0.1835867,0.5096,255.85,249,1.08,0.17,0.5196666,0.83
"2023-12-12 03:00:00",85792,"NAN",0,0,-2.871,96.6,0,0,-0.8736905,-0.8736905,1028.418,1028.729,0.011,0,0,0,5.45,7.02,11.4,"NAN","213IN-SITU AT200 201000",54.27086,8.315888,13594.32,19952.52,11.73125,12.96914,1.009027,0.780943,73.56481,154.9074,332.4482,0.686,0,0.1515733,0,176.9667,243,0.92,0.01,0.4162777,0.47
"2023-12-12 03:15:00",85793,"NAN",0,0,-3.284,97,0,0,-0.9319227,-0.9319227,1028.664,1028.89,0.001,0,0,0,5.416,7.02,11.4,"NAN","213IN-SITU AT200 201000",54.22907,8.316826,13596.1,19954.61,11.73262,12.97049,1.009024,0.780857,73.58519,294.1602,294.2761,0,0,0,0,144.1722,312,0.46,0.01,0.1621111,0.36
"2023-12-12 03:30:00",85794,"NAN",0,0,-3.225,97.7,0,0,-0.8736905,-0.8736905,1028.664,1029.009,0,0,0,0,5.36,7.002,11.38,"NAN","213IN-SITU AT200 201000",54.18006,8.317009,13589.45,19944.74,11.72634,12.96408,1.009021,0.779498,73.60226,294.241,294.058,0,0,0,0,262.9833,192,0.55,0.06,0.2705,0.37
"2023-12-12 03:45:00",85795,"NAN",0,0,-3.114,97.8,0,0,-0.9027932,-0.9027932,1028.746,1029.09,0.001,0,0,0,5.321,7,11.39,"NAN","213IN-SITU AT200 201000",54.1479,8.318245,13594.22,19951.05,11.73041,12.96818,1.009024,0.779345,73.58174,277.5753,310.8052,0.7056,0,0.0890711,0,235.3445,236,1.01,0,0.4526111,0.16
"2023-12-12 04:00:00",85796,"NAN",0,0,-3.261,98.1,0,0,-0.8979413,-0.8979413,1028.827,1029.096,0,0,0,0,5.28,6.997,11.39,"NAN","213IN-SITU AT200 201000",54.08726,8.318429,13585.88,19938.72,11.72257,12.96017,1.009026,0.779869,73.56465,268.1454,286.9568,0.4116,0,0.03223111,0,221.9778,202,0.69,0.06,0.3723889,0.36
"2023-12-12 04:15:00",85797,"NAN",0,0,-3.218,98.3,0,0,-0.8930898,-0.8930898,1028.746,1029.114,0,0,0,0,5.242,6.994,11.39,"NAN","213IN-SITU AT200 201000",54.08726,8.319184,13586.25,19938.84,11.72268,12.96025,1.009023,0.778631,73.58322,296.0231,279.5163,0.5488,0,0.09560444,0,255.9,221,0.82,0.12,0.4238333,0.29
"2023-12-12 04:30:00",85798,"NAN",0,0,-3.199,98.3,0,0,-0.9319227,-0.9319227,1028.827,1029.16,0.002,0,0,0,5.2,6.989,11.39,"NAN","213IN-SITU AT200 201000",53.99779,8.319848,13590.13,19944.16,11.7261,12.9637,1.009022,0.77783,73.59247,290.1686,290.7376,0.6468,0,0.1993755,0,273.7667,121,0.92,0.06,0.4905,0.09
"2023-12-12 04:45:00",85799,"NAN",0,0,-3.514,98.5,0,0,-0.9707997,-0.9707997,1028.991,1029.24,0,0,0,0,5.164,6.988,11.39,"NAN","213IN-SITU AT200 201000",53.98552,8.320221,13593.97,19949.59,11.72957,12.96723,1.009022,0.777328,73.5858,293.7812,311.9443,0.7056,0,0.11662,0,228.5833,296,0.95,0.02,0.3817777,0.53
"2023-12-12 05:00:00",85800,"NAN",0,0,-3.428,98.4,0,0,-0.9853911,-0.9853911,1029.237,1029.4,0,0,0,0,5.132,6.989,11.4,"NAN","213IN-SITU AT200 201000",53.92557,8.320221,13590.8,19944.93,11.72661,12.9642,1.009023,0.777011,73.58028,280.8222,313.8105,0.6076,0,0.1480889,0.2156,235.5444,303,0.83,0.03,0.4566666,0.69
"2023-12-12 05:15:00",85801,"NAN",0,0,-3.455,98.5,0,0,-1.009723,-1.009723,1029.319,1029.554,0,0,0,0,5.092,6.982,11.39,"NAN","213IN-SITU AT200 201000",53.90725,8.321251,13587.57,19939.61,11.72326,12.96074,1.009021,0.776314,73.59733,317.2928,320.6451,0.5488,0,0.1266378,0,256.7333,174,0.82,0.03,0.3821111,0.32
"2023-12-12 05:30:00",85802,"NAN",0,0,-3.769,98.6,0,0,-1.048692,-1.048692,1029.729,1029.798,0,0,0,0,5.057,6.976,11.39,"NAN","213IN-SITU AT200 201000",53.86309,8.32164,13591.24,19944.79,11.72658,12.96411,1.009019,0.77555,73.60753,244.1354,309.9812,0.49,0,0.08319111,0,246.5833,209,0.83,0.14,0.4231111,0.25
"2023-12-12 05:45:00",85803,"NAN",0,0,-3.826,98.8,0,0,-1.048692,-1.048692,1029.892,1030,0.001,0,0,0,5.024,6.974,11.39,"NAN","213IN-SITU AT200 201000",53.81041,8.321915,13586.7,19937.97,11.72225,12.95968,1.009021,0.774861,73.59047,277.876,299.5111,0.8036,0,0.1501578,0.392,218.9278,300,1.09,0.07,0.4065,0.48
"2023-12-12 06:00:00",85804,"NAN",0,0,-3.723,98.9,0,0,-1.053566,-1.053566,1029.811,1030.146,0,0,0,0,4.995,6.976,11.4,"NAN","213IN-SITU AT200 201000",53.79334,8.322953,13591.13,19943.89,11.72606,12.96353,1.009023,0.774548,73.57563,306.1808,307.5576,0.7448,0,0.1826067,0,293.6833,304,0.92,0.19,0.4848333,0.31
"2023-12-12 06:15:00",85805,"NAN",0,0,-3.633,98.9,0,0,-1.034073,-1.034073,1029.974,1030.246,0,0,0,0,4.948,6.962,11.39,"NAN","213IN-SITU AT200 201000",53.77573,8.323044,13589.91,19942.05,11.72489,12.96233,1.009021,0.77389,73.58866,305.6042,321.4449,0.6272,0,0.1915355,0,293.3389,327,0.85,0.05,0.4730555,0.24
"2023-12-12 06:30:00",85806,"NAN",0,0,-3.729,98.9,0,0,-1.038945,-1.038945,1030.22,1030.451,0.002,0,0,0,4.915,6.961,11.4,"NAN","213IN-SITU AT200 201000",53.73144,8.322953,13588.88,19940.58,11.72396,12.96138,1.009023,0.773476,73.57251,321.6816,323.0445,0.7056,0,0.1771622,0.3528,301.9167,325,0.93,0.1,0.4509444,0.72
"2023-12-12 06:45:00",85807,"NAN",0,0,-3.807,98.1,0,0,-1.205024,-1.205024,1030.384,1030.708,0.021,0,0,0,4.88,6.952,11.39,"NAN","213IN-SITU AT200 201000",53.7133,8.323807,13586.71,19936.93,11.72167,12.959,1.009019,0.772468,73.60175,318.4212,341.6579,0.4704,0,0.08580444,0,234.7611,101,0.72,0.01,0.3426111,0.07
"2023-12-12 07:00:00",85808,"NAN",0,0,-4.235,98.3,0,0,-1.205024,-1.205024,1030.466,1030.784,0.614,0.003,0.792,0,4.829,6.924,11.37,"NAN","213IN-SITU AT200 201000",53.64687,8.323327,13589.29,19940.99,11.72423,12.96164,1.009023,0.772649,73.57186,226.1049,354.1154,0.686,0,0.03528,0,229.5333,305,0.88,0.04,0.3061666,0.38
"2023-12-12 07:15:00",85809,"NAN",0,0,-4.3,98.8,0,0,-1.209921,-1.209921,1030.466,1030.763,3.185,0.017,5.585,0,4.797,6.92,11.37,"NAN","213IN-SITU AT200 201000",53.62204,8.32409,13584.98,19934.23,11.71996,12.95725,1.009019,0.772287,73.60131,181.7506,238.6298,0.8231999,0,0.2216978,0.5488,190.65,223,1.18,0.05,0.5005556,0.64
"2023-12-12 07:30:00",85810,"NAN",0,0,-3.869,98.7,0,0,-1.112114,-1.112114,1030.875,1030.905,7.55,0.041,16.89,0,4.76,6.916,11.37,"NAN","213IN-SITU AT200 201000",53.61189,8.32409,13588.8,19939.84,11.72354,12.9609,1.009018,0.77151,73.60778,254.0891,337.7074,0.9015999,0,0.47236,0.1372,226.45,357,1.17,0.04,0.5985556,0.51
"2023-12-12 07:45:00",85811,"NAN",0,0,-3.859,98.8,0,0,-1.073071,-1.073071,1031.121,1031.302,12.49,0.067,31.87,0,4.721,6.905,11.37,"NAN","213IN-SITU AT200 201000",53.57123,8.324837,13585.29,19934.27,11.72002,12.95728,1.009023,0.771105,73.57118,218.3533,25.78733,0.8624,0,0.1568,0,203.0667,28,1.02,0.01,0.3839444,0.16
"2023-12-12 08:00:00",85812,"NAN",0,0,-3.707,99,0,0,-0.9562159,-0.9562159,1031.039,1031.32,42.28,0.228,72.09,0,4.702,6.912,11.38,"NAN","213IN-SITU AT200 201000",53.51464,8.325036,13585.79,19934.89,11.72043,12.95768,1.009018,0.770433,73.60497,78.65514,277.3593,0,0,0,0,183.7722,250,0.56,0.01,0.2086667,0.31
"2023-12-12 08:15:00",85813,"NAN",0,0,-2.766,99.6,0,0,-0.6080937,-0.6080937,1031.203,1031.475,88.8,0.48,130.2,0,4.664,6.944,11.43,"NAN","213IN-SITU AT200 201000",53.48653,8.324273,13585.66,19935.13,11.72054,12.95783,1.009019,0.770175,73.5977,253.1062,241.2473,0,0,0,0,172.1333,85,0.57,0.02,0.2023889,0.15
"2023-12-12 08:30:00",85814,"NAN",0,0,-1.671,99.1,0,0,-0.3742086,-0.3742086,1031.484,1031.676,137.1,0.74,203.2,0,4.642,6.966,11.46,"NAN","213IN-SITU AT200 201000",53.43531,8.324837,13585.36,19934.37,11.72009,12.95734,1.009018,0.769527,73.60375,265.3886,179.4533,0,0,0,0,216.5945,170,0.57,0.02,0.2126667,0.41
"2023-12-12 08:45:00",85815,"NAN",0,0,-1.261,97.2,0,0,-0.319036,-0.319036,1032.037,1031.912,171.9,0.928,294.1,0,4.618,6.955,11.45,"NAN","213IN-SITU AT200 201000",53.48653,8.324563,13586.95,19936.86,11.72166,12.95896,1.009021,0.768838,73.58625,251.623,256.9045,0.8624,0,0.22246,0,270.6278,142,1.03,0.08,0.4124444,0.29
"2023-12-12 09:00:00",85816,"NAN",0,0,-0.45,94.5,0,0,-0.06845411,-0.06845411,1032.394,1032.23,199.4,1.077,352,0,4.599,6.946,11.44,"NAN","213IN-SITU AT200 201000",53.38742,8.324662,13592.93,19945.57,11.72721,12.96462,1.009017,0.769149,73.61402,255.635,40.60452,0.7448,0,0.08743777,0.2548,225.8222,41,0.98,0.03,0.305,0.51
"2023-12-12 09:15:00",85817,"NAN",0,0,0.683,87.7,0,0,0.3752245,0.3752245,1032.271,1032.305,229.2,1.238,400.4,0,4.575,6.919,11.42,"NAN","213IN-SITU AT200 201000",53.36114,8.324753,13586.01,19935.37,11.72072,12.95799,1.009019,0.76827,73.60016,201.8689,289.1556,0.8231999,0,0.2075422,0.294,192.7,291,1,0.04,0.4485555,0.47
"2023-12-12 09:30:00",85818,"NAN",0,0,2.075,78.08,0,0,0.7686732,0.7686732,1032.567,1032.314,257.9,1.393,445.8,0,4.555,6.907,11.42,"NAN","213IN-SITU AT200 201000",53.37179,8.324563,13581.93,19929.5,11.71697,12.95417,1.009018,0.768081,73.6067,158.2313,44.66164,1.0192,0,0.1730244,0,186.9889,350,0.97,0.02,0.3936111,0.17
"2023-12-12 09:45:00",85819,"NAN",0,0,3.009,68.41,0,0,0.8927577,0.8927577,1033.134,1032.661,285.3,1.541,491.5,0,4.527,6.906,11.41,"NAN","213IN-SITU AT200 201000",53.321,8.324463,13583.45,19931.78,11.71842,12.95565,1.009016,0.767958,73.62396,193.4229,1.525843,1.3916,0,0.3340711,0.8428,209.1944,355,1.64,0.03,0.5467778,0.99
"2023-12-12 10:00:00",85820,"NAN",0,0,3.647,66.29,0,0,1.101846,1.101846,1032.988,1032.799,312.4,1.687,536.8,0,4.495,6.892,11.4,"NAN","213IN-SITU AT200 201000",53.31043,8.323616,13585.45,19935.18,11.72055,12.95787,1.009014,0.765664,73.63945,259.2624,345.5982,1.47,0,0.4862977,0.9408,258.6,341,1.59,0.02,0.7234443,1.16
"2023-12-12 10:15:00",85821,"NAN",0,0,4.179,60.15,0,0,1.174228,1.174228,1032.883,1032.686,336.9,1.819,562,0,4.46,6.863,11.38,"NAN","213IN-SITU AT200 201000",53.27836,8.32399,13580.02,19927.01,11.71536,12.95256,1.009016,0.767107,73.62554,239.3339,280.8303,2.842,0,1.015824,1.1564,274.9722,277,3.4,0.06,1.217111,1.04
"2023-12-12 10:30:00",85822,"NAN",0,0,4.664,60.59,0,0,1.373515,1.373515,1032.869,1032.664,358.9,1.938,590.9,0,4.436,6.849,11.37,"NAN","213IN-SITU AT200 201000",53.25105,8.323616,13581.89,19929.95,11.71722,12.95447,1.009021,0.766626,73.59054,221.9904,226.4355,2.6264,0,0.7633111,0.392,253.2722,204,2.77,0.12,1.014167,0.73
"2023-12-12 10:45:00",85823,"NAN",0,0,5.247,52.98,0,0,1.408416,1.408416,1032.649,1032.442,376.6,2.034,620.3,0,4.406,6.84,11.38,"NAN","213IN-SITU AT200 201000",53.26819,8.323517,13580.83,19928.45,11.71626,12.95349,1.009021,0.76639,73.58924,181.4456,158.8345,2.4304,0,0.6082533,1.1368,194.0111,167,2.8,0.08,0.9259444,1.38
"2023-12-12 11:00:00",85824,"NAN",0,0,5.505,50.73,0,0,1.516167,1.516167,1032.465,1032.198,391.2,2.113,646,0,4.378,6.822,11.38,"NAN","213IN-SITU AT200 201000",53.2383,8.322854,13586.31,19936.88,11.72159,12.95897,1.009019,0.766431,73.60292,228.7755,33.21834,2.0384,0,0.7045111,1.1956,233.2611,24,2.34,0.05,0.9748333,1.36
"2023-12-12 11:15:00",85825,"NAN",0,0,5.896,53.45,0,0,1.659819,1.659819,1032.216,1032.107,403.5,2.179,665.1,0,4.363,6.822,11.39,"NAN","213IN-SITU AT200 201000",53.22129,8.322579,13580.97,19929.18,11.71668,12.95397,1.009016,0.766068,73.62386,203.9205,168.2938,2.5088,0,0.6318822,0.5096,221.8,166,2.96,0.05,0.9347222,0.78
"2023-12-12 11:30:00",85826,"NAN",0,0,6.573,50.79,0,0,1.776114,1.776114,1032.133,1031.86,412.6,2.228,678.1,0,4.332,6.804,11.39,"NAN","213IN-SITU AT200 201000",53.1896,8.322106,13579.87,19927.85,11.71581,12.9531,1.009013,0.765821,73.65322,176.9634,113.1884,1.568,0,0.5214689,0.7056,183.3778,96,2.27,0.09,0.8108333,1.38
"2023-12-12 11:45:00",85827,"NAN",0,0,6.278,53.32,0,0,1.749311,1.749311,1032.133,1031.736,418.2,2.258,688.4,0,4.312,6.785,11.39,"NAN","213IN-SITU AT200 201000",53.14271,8.322205,13584.69,19934.86,11.72028,12.95766,1.009017,0.76548,73.62151,210.6339,171.2959,2.8224,0,0.9774955,1.0584,228.3778,160,3.48,0.07,1.185167,1.39
"2023-12-12 12:00:00",85828,"NAN",0,0,6.79,51.54,0,0,1.785043,1.785043,1031.969,1031.656,419.8,2.267,690.6,0,4.297,6.771,11.38,"NAN","213IN-SITU AT200 201000",53.16634,8.321167,13581.72,19931.08,11.71782,12.9552,1.009015,0.76536,73.63774,205.3232,287.9707,2.9596,0,1.170447,0.6076,206.8111,277,3.4,0.11,1.421222,1.48
"2023-12-12 12:15:00",85829,"NAN",0,0,6.809,51.82,0,0,1.892,1.892,1031.806,1031.518,418.8,2.262,688.3,0,4.288,6.762,11.38,"NAN","213IN-SITU AT200 201000",53.14271,8.321167,13579.15,19927.31,11.71543,12.95275,1.009017,0.764735,73.62259,189.6532,221.6314,2.9792,0,1.012884,0.2156,192.6611,227,3.35,0.07,1.211278,0.22
"2023-12-12 12:30:00",85830,"NAN",0,0,6.959,48.82,0,0,1.874199,1.874199,1031.478,1031.334,414.6,2.239,680.7,0,4.279,6.761,11.38,"NAN","213IN-SITU AT200 201000",53.13352,8.319848,13580.3,19929.73,11.71691,12.95432,1.009015,0.765176,73.63834,223.461,230.3717,3.2732,0,0.9380777,1.0192,243.2833,222,3.55,0.04,1.156889,0.76
"2023-12-12 12:45:00",85831,"NAN",0,0,7.184,47.79,0,0,1.980859,1.980859,1031.233,1031.021,405.6,2.19,666.2,0,4.264,6.751,11.39,"NAN","213IN-SITU AT200 201000",53.14583,8.319458,13577.81,19926.29,11.71471,12.95209,1.009015,0.764937,73.64223,216.9009,155.51,2.9204,0,1.005262,1.1172,224.8667,116,3.25,0.05,1.164722,0.93
"2023-12-12 13:00:00",85832,"NAN",0,0,7.387,46.77,0,0,1.980859,1.980859,1031.151,1030.837,395.1,2.133,648.8,0,4.257,6.74,11.38,"NAN","213IN-SITU AT200 201000",53.14271,8.319283,13578.09,19926.8,11.71502,12.95242,1.009011,0.764343,73.66934,194.628,149.5298,3.626,0,1.148015,0.7056,202.0389,150,4.3,0.1,1.349056,1.36
"2023-12-12 13:15:00",85833,"NAN",0,0,7.638,48.88,0,0,2.078316,2.078316,1030.987,1030.665,381.6,2.061,625.8,0,4.263,6.736,11.38,"NAN","213IN-SITU AT200 201000",53.13721,8.318711,13578.36,19927.52,11.71546,12.95289,1.009018,0.764302,73.62121,176.8117,307.0977,3.8024,0,1.289135,0.9211999,170.4611,305,4.4,0.05,1.453611,0.78
"2023-12-12 13:30:00",85834,"NAN",0,0,7.786,44.86,0,0,2.087161,2.087161,1030.742,1030.524,365.2,1.972,594.9,0,4.258,6.735,11.39,"NAN","213IN-SITU AT200 201000",53.0934,8.317856,13576.48,19925.24,11.71397,12.95141,1.009017,0.764343,73.63399,214.596,61.52124,2.0384,0,0.9151021,0.3724,220.85,201,2.43,0.2,1.092389,0.21
"2023-12-12 13:45:00",85835,"NAN",0,0,7.886,48.41,0,0,2.104843,2.104843,1030.578,1030.383,345.4,1.865,560.6,0,4.245,6.722,11.39,"NAN","213IN-SITU AT200 201000",53.0834,8.316643,13574.21,19922.58,11.71222,12.94968,1.009012,0.764429,73.66618,212.4655,241.7027,3.332,0,1.007767,0.392,237.8833,235,2.89,0.13,1.135444,0.51
"2023-12-12 14:00:00",85836,"NAN",0,0,7.892,42.98,0,0,2.104843,2.104843,1030.578,1030.272,323.1,1.745,522.5,0,4.233,6.704,11.38,"NAN","213IN-SITU AT200 201000",53.0934,8.316063,13575.78,19925.22,11.71387,12.95139,1.009014,0.763895,73.65835,185.8738,206.3298,2.548,0,0.8453044,1.1368,201.0167,201,3.24,0.02,1.033611,1.46
"2023-12-12 14:15:00",85837,"NAN",0,0,7.874,44.45,0,0,2.104843,2.104843,1030.496,1030.299,229.7,1.241,387.2,0,4.248,6.68,11.35,"NAN","213IN-SITU AT200 201000",53.09857,8.315705,13568.7,19915.03,11.70737,12.94477,1.009013,0.764083,73.66902,212.4715,141.7095,3.0184,0,0.6484333,2.744,231.1611,137,3.51,0.04,0.8572221,2.34
"2023-12-12 14:30:00",85838,"NAN",0,0,7.977,43.97,0,0,2.104843,2.104843,1030.496,1030.15,136.1,0.735,246.3,0,4.268,6.682,11.34,"NAN","213IN-SITU AT200 201000",53.0517,8.315789,13577.24,19927.5,11.71532,12.95288,1.009011,0.764475,73.68176,152.8957,201.9717,2.7636,0,0.9467888,1.5876,153.4333,191,2.93,0.07,1.134055,1.16
"2023-12-12 14:45:00",85839,"NAN",0,0,7.748,45.34,0,0,2.05259,2.05259,1030.368,1030.167,66.42,0.359,141.8,0,4.286,6.678,11.33,"NAN","213IN-SITU AT200 201000",53.03349,8.315125,13578.74,19930.08,11.71693,12.95455,1.009012,0.763527,73.67539,166.806,105.7626,2.6852,0,0.8174288,0,173.3167,285,2.91,0.04,0.9794444,0.16
"2023-12-12 15:00:00",85840,"NAN",0,0,7.691,46.3,0,0,2.035947,2.035947,1030.25,1030.095,44.07,0.238,107.6,0,4.307,6.679,11.34,"NAN","213IN-SITU AT200 201000",53.01395,8.314469,13571.63,19920.02,11.71049,12.94801,1.009011,0.763285,73.68084,175.2821,40.17291,2.9988,0,0.6315555,0.0784,180.2333,14,2.96,0.04,0.8671666,0.79
"2023-12-12 15:15:00",85841,"NAN",0,0,7.528,46.09,0,0,2.000673,2.000673,1030.258,1029.976,24.94,0.135,75.97,0,4.312,6.674,11.34,"NAN","213IN-SITU AT200 201000",53.02046,8.31427,13576.73,19927.61,11.71531,12.95294,1.009013,0.762923,73.67189,184.4252,205.299,2.1364,0,0.52136,1.2936,209.9556,351,2.16,0.02,0.7355,1.14
"2023-12-12 15:30:00",85842,"NAN",0,0,7.258,48.96,0,0,1.984122,1.984122,1030.146,1029.938,22.19,0.12,68.63,0,4.317,6.666,11.35,"NAN","213IN-SITU AT200 201000",52.97071,8.313431,13574.61,19924.96,11.71359,12.95123,1.009012,0.762461,73.68402,204.6527,91.18015,2.2932,0,0.7843266,1.1564,207.6333,86,2.66,0.06,0.9788333,1.46
"2023-12-12 15:45:00",85843,"NAN",0,0,7.322,50.47,0,0,1.89603,1.89603,1030.343,1029.97,18.92,0.102,59.63,0,4.313,6.651,11.35,"NAN","213IN-SITU AT200 201000",52.97071,8.313057,13576.45,19927.87,11.71543,12.95312,1.009008,0.761887,73.71209,187.3697,321.5364,3.2732,0,0.9072621,0.196,182.4055,239,3.35,0.08,1.057278,0.58
"2023-12-12 16:00:00",85844,"NAN",0,0,6.972,55.65,0,0,1.753442,1.753442,1030.758,1030.355,16.22,0.088,50.6,0,4.31,6.63,11.34,"NAN","213IN-SITU AT200 201000",52.88413,8.312012,13579.3,19932.64,11.71842,12.95622,1.009011,0.762209,73.68894,166.8621,317.8585,2.842,0,0.7324954,0.4312,165.1278,331,3,0.09,0.9143333,0.49
"2023-12-12 16:15:00",85845,"NAN",0,0,6.228,52.86,0,0,1.717683,1.717683,1030.677,1030.477,13.47,0.073,39.5,0,4.319,6.623,11.35,"NAN","213IN-SITU AT200 201000",52.90416,8.311348,13571.35,19921.35,11.7112,12.94888,1.009012,0.761759,73.68693,171.7443,175.6653,1.9208,0,0.5265866,0.6664,170.1555,176,2.54,0.08,0.7400555,1.69
"2023-12-12 16:30:00",85846,"NAN",0,0,5.754,58.11,0,0,1.448054,1.448054,1030.677,1030.543,9.63,0.052,25.37,0,4.322,6.611,11.34,"NAN","213IN-SITU AT200 201000",52.8696,8.310685,13571.2,19921.5,11.71127,12.94897,1.009017,0.761083,73.64695,168.0889,47.73699,2.0972,0,0.4083333,0,164.5778,287,2.2,0.04,0.6187222,0.22
"2023-12-12 16:45:00",85847,"NAN",0,0,5.201,60.98,0,0,1.339565,1.339565,1030.677,1030.552,5.144,0.028,11.17,0,4.316,6.599,11.34,"NAN","213IN-SITU AT200 201000",52.87499,8.310601,13569.37,19918.85,11.70958,12.94725,1.009014,0.76076,73.66957,173.6295,315.534,1.2936,0,0.4622333,0,189.9833,274,1.86,0.05,0.7208889,0.51
"2023-12-12 17:00:00",85848,"NAN",0,0,4.441,68.96,0,0,1.084989,1.084989,1030.677,1030.614,1.303,0.007,2.275,0,4.312,6.593,11.34,"NAN","213IN-SITU AT200 201000",52.82584,8.309182,13572.58,19924.35,11.71302,12.95083,1.009013,0.760687,73.6836,202.9006,209.9604,0.5684,0,0.07927111,0,196.1667,251,1.03,0.08,0.4017222,0.26
"2023-12-12 17:15:00",85849,"NAN",0,0,3.72,73.39,0,0,0.902192,0.902192,1030.69,1030.732,0.137,0.001,0.368,0,4.314,6.584,11.34,"NAN","213IN-SITU AT200 201000",52.76392,8.308518,13571.14,19922.62,11.71189,12.9497,1.009014,0.759869,73.6776,241.0754,199.1632,1.4896,0,0.08689333,0,216.7056,184,1.74,0.07,0.4133889,0.38
"2023-12-12 17:30:00",85850,"NAN",0,0,2.949,74.14,0,0,0.7612333,0.7612333,1030.929,1030.827,0.082,0,0.021,0,4.318,6.577,11.34,"NAN","213IN-SITU AT200 201000",52.72053,8.308236,13571.18,19922.84,11.71201,12.94984,1.009011,0.759569,73.70127,233.4938,251.1514,0.588,0,0.05215777,0,235.9389,247,0.98,0.03,0.3591111,0.27
"2023-12-12 17:45:00",85851,"NAN",0,0,2.434,78.02,0,0,0.6103953,0.6103953,1031.088,1031.076,0.084,0,0,0,4.313,6.565,11.34,"NAN","213IN-SITU AT200 201000",52.72725,8.307297,13570.64,19922.56,11.71179,12.94966,1.009014,0.757574,73.67949,266.3372,274.858,0.2352,0,0.00577111,0,243.8889,244,0.67,0.04,0.3135,0.43
"2023-12-12 18:00:00",85852,"NAN",0,0,1.9,82.8,0,0,0.4015286,0.4015286,1031.019,1031.18,0.132,0.001,0,0,4.312,6.558,11.34,"NAN","213IN-SITU AT200 201000",52.71459,8.306824,13567.95,19918.89,11.70943,12.94727,1.009014,0.758327,73.68185,249.4796,293.3021,0.3136,0,0.03364667,0,226.9111,237,0.64,0,0.3182778,0.36
"2023-12-12 18:15:00",85853,"NAN",0,0,1.524,82.1,0,0,0.3829191,0.3829191,1031.022,1031.204,0.123,0.001,0,0,4.304,6.55,11.34,"NAN","213IN-SITU AT200 201000",52.64514,8.305695,13566.35,19917.16,11.70829,12.94616,1.009013,0.757961,73.69102,251.9047,240.3168,0,0,0,0,243.8722,248,0.56,0.02,0.2661111,0.56
"2023-12-12 18:30:00",85854,"NAN",0,0,1.288,83.1,0,0,0.3268931,0.3268931,1030.94,1031.247,0.072,0,0,0,4.286,6.531,11.34,"NAN","213IN-SITU AT200 201000",52.61705,8.305222,13565.33,19915.93,11.70749,12.94535,1.009011,0.7571,73.71178,229.6531,229.8263,0.4116,0,0.06446221,0,247.8389,263,0.63,0.11,0.3457778,0.42
"2023-12-12 18:45:00",85855,"NAN",0,0,0.87,85.7,0,0,0.1211114,0.1211114,1031.127,1031.275,0.108,0.001,0,0,4.285,6.528,11.34,"NAN","213IN-SITU AT200 201000",52.56163,8.304467,13560.79,19909.69,11.70348,12.9413,1.009015,0.756891,73.68347,218.5612,278.1491,0.5684,0,0.04758444,0,233.9333,276,0.71,0.04,0.3022778,0.47
"2023-12-12 19:00:00",85856,"NAN",0,0,0.24,87.4,0,0,0.1071576,0.1071576,1031.217,1031.404,0.109,0.001,0,0,4.272,6.516,11.34,"NAN","213IN-SITU AT200 201000",52.57919,8.303338,13562.93,19913.46,11.70583,12.94375,1.009012,0.756891,73.7045,277.9795,277.9108,0.3724,0,0.01742222,0,243.5722,270,0.51,0.04,0.2205555,0.23
"2023-12-12 19:15:00",85857,"NAN",0,0,0.347,89,0,0,0.02754377,0.02754377,1031.321,1031.587,0.109,0.001,0,0,4.257,6.503,11.33,"NAN","213IN-SITU AT200 201000",52.53873,8.303048,13570.37,19924.54,11.71287,12.95095,1.009013,0.755742,73.6984,261.9925,250.7361,0,0,0,0,241.0389,309,0.4,0.03,0.2018889,0.16
"2023-12-12 19:30:00",85858,"NAN",0,0,0,89.2,0,0,-0.0290668,-0.0290668,1031.569,1031.614,0.122,0.001,0,0,4.25,6.498,11.34,"NAN","213IN-SITU AT200 201000",52.51262,8.301545,13562.64,19914.03,11.70611,12.94412,1.009013,0.755742,73.70116,250.7257,250.7855,0.3528,0,0.01110667,0,278.3222,1,0.53,0.02,0.2615556,0.02
"2023-12-12 19:45:00",85859,"NAN",0,0,-0.289,90.8,0,0,-0.1623119,-0.1623119,1031.618,1031.695,0.112,0.001,0,0,4.246,6.494,11.34,"NAN","213IN-SITU AT200 201000",52.4863,8.301171,13568.04,19922.18,11.71128,12.94942,1.009008,0.75541,73.73892,226.0314,201.2459,0.4704,0,0.01372,0,232.5889,258,0.81,0.01,0.2145,0.15
"2023-12-12 20:00:00",85860,"NAN",0,0,-0.598,91.5,0,0,-0.1856763,-0.1856763,1031.636,1031.857,0.104,0.001,0,0,4.224,6.474,11.33,"NAN","213IN-SITU AT200 201000",52.43847,8.300034,13567.18,19921.54,11.71083,12.949,1.009009,0.754756,73.73747,239.2434,247.8223,0,0,0,0,236.0556,64,0.48,0.02,0.2093333,0.12
"2023-12-12 20:15:00",85861,"NAN",0,0,-0.663,92.1,0,0,-0.1659042,-0.1659042,1031.674,1032.016,0.094,0.001,0,0,4.209,6.462,11.32,"NAN","213IN-SITU AT200 201000",52.37004,8.298615,13558.4,19909.45,11.70307,12.94114,1.009011,0.754353,73.72472,256.6378,193.0041,0.686,0,0.09963332,0.3528,216.4222,185,0.79,0.01,0.2919444,0.41
"2023-12-12 20:30:00",85862,"NAN",0,0,-0.709,92.5,0,0,-0.222046,-0.222046,1031.879,1032.043,0.072,0,0,0,4.197,6.455,11.32,"NAN","213IN-SITU AT200 201000",52.34951,8.29815,13563.58,19917.31,11.70805,12.94625,1.009013,0.754489,73.70755,212.5606,345.1322,0.4116,0,0.02635111,0,212.4833,293,0.67,0.01,0.2001667,0.16
"2023-12-12 20:45:00",85863,"NAN",0,0,-0.649,92,0,0,-0.2025229,-0.2025229,1031.822,1032.102,0.102,0.001,0,0,4.184,6.447,11.32,"NAN","213IN-SITU AT200 201000",52.37004,8.297486,13561.81,19915.08,11.7066,12.9448,1.009013,0.753086,73.71102,344.9647,344.9788,0,0,0,0,268.6778,325,0.45,0.02,0.209,0.17
"2023-12-12 21:00:00",85864,"NAN",0,0,-0.887,93.2,0,0,-0.2593866,-0.2593866,1031.75,1032.093,0.066,0,0,0,4.178,6.445,11.33,"NAN","213IN-SITU AT200 201000",52.25856,8.29654,13565.85,19921.54,11.71067,12.949,1.009012,0.753162,73.71937,344.8971,344.9607,0,0,0,0,247.8056,317,0.43,0.04,0.2311111,0.21
"2023-12-12 21:15:00",85865,"NAN",0,0,-0.949,94.2,0,0,-0.2589983,-0.2589983,1031.769,1032.114,0.069,0,0,0,4.169,6.442,11.33,"NAN","213IN-SITU AT200 201000",52.2862,8.295693,13561.91,19916.22,11.70725,12.94554,1.009009,0.752608,73.74989,275.894,194.2503,0.686,0,0.08286444,0,220.3722,322,0.72,0,0.2652222,0.3
"2023-12-12 21:30:00",85866,"NAN",0,0,-1.053,94.4,0,0,-0.3160172,-0.3160172,1031.857,1032.054,0.054,0,0,0,4.152,6.431,11.33,"NAN","213IN-SITU AT200 201000",52.25459,8.294663,13556.83,19909.34,11.70282,12.94107,1.009014,0.752153,73.71514,252.6173,245.4153,0.588,0,0.03146889,0,264.3167,273,0.72,0.03,0.2817222,0.28
"2023-12-12 21:45:00",85867,"NAN",0,0,-1.012,93.4,0,0,-0.2874018,-0.2874018,1031.777,1032.063,0.036,0,0,0,4.138,6.425,11.33,"NAN","213IN-SITU AT200 201000",52.23087,8.294373,13560.67,19915.14,11.7065,12.94484,1.00901,0.752211,73.74497,271.5494,268.9735,0.4312,0,0.009582222,0,257.6389,317,0.67,0.03,0.25,0.08
"2023-12-12 22:00:00",85868,"NAN",0,0,-1.241,94.3,0,0,-0.3541525,-0.3541525,1031.941,1032.215,0.024,0,0,0,4.12,6.415,11.33,"NAN","213IN-SITU AT200 201000",52.18298,8.293244,13559.33,19913.81,11.70561,12.94398,1.009011,0.751677,73.73471,265.2725,266.9377,0.9015999,0,0.1395956,0.294,227.6111,262,1.16,0.01,0.3598333,0.41
"2023-12-12 22:15:00",85869,"NAN",0,0,-1.127,94.2,0,0,-0.2731124,-0.2731124,1031.777,1032.182,0.005,0,0,0,4.109,6.412,11.33,"NAN","213IN-SITU AT200 201000",52.17161,8.292206,13566.46,19924.86,11.71259,12.95116,1.009007,0.751089,73.76921,222.7055,308.4301,1.1368,0,0.3212222,0.7252,210.9444,294,1.32,0.02,0.4624999,0.81
"2023-12-12 22:30:00",85870,"NAN",0,0,-1.01,93.6,0,0,-0.2731603,-0.2731603,1031.938,1032.179,0.024,0,0,0,4.092,6.404,11.33,"NAN","213IN-SITU AT200 201000",52.12604,8.291268,13557.94,19912.87,11.70492,12.94337,1.009011,0.750678,73.74076,258.5542,276.4371,0.9995999,0,0.2405355,0,251.3445,229,1.14,0.02,0.4268889,0.19
"2023-12-12 22:45:00",85871,"NAN",0,0,-0.959,93.6,0,0,-0.2401475,-0.2401475,1031.76,1032.118,0.043,0,0,0,4.075,6.395,11.32,"NAN","213IN-SITU AT200 201000",52.17557,8.290497,13556.21,19910.77,11.70355,12.942,1.009009,0.750074,73.76145,260.0571,238.9857,0.9604,0,0.1703022,0.5488,231.8722,243,1.2,0.03,0.3952777,0.41
"2023-12-12 23:00:00",85872,"NAN",0,0,-0.526,91.8,0,0,-0.09317111,-0.09317111,1031.835,1032.106,0.041,0,0,0,4.058,6.387,11.32,"NAN","213IN-SITU AT200 201000",52.11276,8.289284,13560.58,19917.86,11.70801,12.94661,1.009012,0.750112,73.74188,253.6014,312.0758,1.078,0,0.1640956,0.2744,235.5945,333,1.15,0.04,0.3711666,0.54
"2023-12-12 23:15:00",85873,"NAN",0,0,-0.422,90.6,0,0,-0.1269764,-0.1269764,1031.722,1032.033,0.064,0,0,0,4.039,6.38,11.32,"NAN","213IN-SITU AT200 201000",52.07075,8.28814,13555.16,19910.53,11.70329,12.94184,1.009013,0.749905,73.7359,269.8409,287.2422,1.1368,0,0.3692422,1.0192,271.7778,279,1.26,0.03,0.5623333,0.93
"2023-12-12 23:30:00",85874,"NAN",0,0,-0.309,89.6,0,0,-0.08962477,-0.08962477,1031.696,1032.004,0.058,0,0,0,4.032,6.379,11.32,"NAN","213IN-SITU AT200 201000",52.03442,8.287201,13560.23,19918.5,11.70833,12.94703,1.009008,0.749245,73.77384,302.6944,281.9696,1.0976,0,0.4350111,0,295.6722,292,1.26,0.04,0.6033888,0.43
"2023-12-12 23:45:00",85875,"NAN",0,0,-0.244,89.1,0,0,-0.05255335,-0.05255335,1031.576,1031.96,0.059,0,0,0,4.022,6.38,11.33,"NAN","213IN-SITU AT200 201000",51.99535,8.285592,13556.47,19913.88,11.70531,12.94402,1.009009,0.74873,73.76958,278.9887,227.7211,1.6072,0,0.4603822,0,269,153,1.61,0.07,0.6384444,0.13
"2023-12-13 00:00:00",85876,"NAN",0,0,-0.165,88.1,0,0,-0.04826625,-0.04826625,1031.719,1031.988,0.058,0,0,0,4.008,6.373,11.33,"NAN","213IN-SITU AT200 201000",52.03442,8.284844,13557.95,19916.47,11.70693,12.94571,1.009011,0.748227,73.76322,271.2139,319.64,1.6464,0,0.4420889,0.5488,265.7222,310,1.79,0.02,0.6272222,0.87
"2023-12-13 00:15:00",85877,"NAN",0,0,-0.137,88.7,0,0,-0.01489233,-0.01489233,1031.733,1031.969,0.078,0,0,0,3.989,6.361,11.32,"NAN","213IN-SITU AT200 201000",51.96854,8.283242,13556.24,19914.85,11.70583,12.94465,1.009007,0.748282,73.7945,288.2308,267.4561,1.2152,0,0.5531555,0.3724,288.0389,268,1.36,0.05,0.6857222,0.68
"2023-12-13 00:30:00",85878,"NAN",0,0,-0.074,88.8,0,0,-0.07168827,-0.07168827,1031.893,1031.945,0.094,0.001,0,0,3.977,6.357,11.32,"NAN","213IN-SITU AT200 201000",51.9471,8.282105,13557.17,19916.86,11.70705,12.94596,1.009007,0.748343,73.79341,282.4611,318.8954,1.078,0,0.4289133,0,273.2889,323,1.25,0.07,0.5845,0.44
"2023-12-13 00:45:00",85879,"NAN",0,0,-0.408,90.3,0,0,-0.1094314,-0.1094314,1031.49,1031.891,0.085,0,0,0,3.964,6.349,11.32,"NAN","213IN-SITU AT200 201000",51.87921,8.281067,13555.92,19915.6,11.70621,12.94514,1.009012,0.747324,73.76185,281.8242,241.458,0.9995999,0,0.2717867,0,270.8111,298,1.22,0.03,0.4675555,0.22
"2023-12-13 01:00:00",85880,"NAN",0,0,-0.705,91.8,0,0,-0.2234612,-0.2234612,1031.318,1031.727,0.064,0,0,0,3.948,6.34,11.32,"NAN","213IN-SITU AT200 201000",51.87921,8.279747,13553.05,19912.12,11.70394,12.94288,1.009009,0.746839,73.79038,278.8265,282.331,0.49,0,0.06293777,0,256.85,306,0.66,0.03,0.3042777,0.12
"2023-12-13 01:15:00",85881,"NAN",0,0,-0.503,91.1,0,0,-0.0485474,-0.0485474,1031.377,1031.642,0.073,0,0,0,3.923,6.324,11.3,"NAN","213IN-SITU AT200 201000",51.87039,8.278046,13551.45,19910.73,11.70297,12.94197,1.00901,0.746702,73.78585,297.6841,321.5217,1.1564,0,0.4865155,0.588,292.1611,309,1.16,0.14,0.6428334,0.72
"2023-12-13 01:30:00",85882,"NAN",0,0,-0.225,88.7,0,0,-0.05270346,-0.05270346,1031.323,1031.681,0.071,0,0,0,3.907,6.322,11.31,"NAN","213IN-SITU AT200 201000",51.87921,8.277108,13547.69,19905.72,11.69974,12.93872,1.009011,0.746083,73.77736,290.5078,312.4762,1.1564,0,0.5136288,0.8231999,287.7,313,1.3,0.05,0.6516666,0.94
"2023-12-13 01:45:00",85883,"NAN",0,0,-0.15,89.6,0,0,-0.04788154,-0.04788154,1031.573,1031.805,0.049,0,0,0,3.902,6.327,11.32,"NAN","213IN-SITU AT200 201000",51.81597,8.275597,13546.79,19905.24,11.69937,12.9384,1.009006,0.745948,73.82049,299.6578,326.9203,1.0388,0,0.5391089,0.3724,291.8333,338,1.22,0.1,0.6743889,0.5
